number <- c(1,2,17,4,5,6)
